      [,1] [,2] [,3] [,4]
 [1,]    0    0    0    0
 [2,]    0    0    0    1
 [3,]    0    0    0    2
 [4,]    0    0    0    3
 [5,]    0    0    1    1
 [6,]    0    0    1    2
 [7,]    0    0    1    3
 [8,]    0    0    2    2
 [9,]    0    0    2    3
[10,]    0    0    3    3
[11,]    0    1    1    1
[12,]    0    1    1    2
[13,]    0    1    1    3
[14,]    0    1    2    2
[15,]    0    1    2    3
[16,]    0    1    3    3
[17,]    0    2    2    2
[18,]    0    2    2    3
[19,]    0    2    3    3
[20,]    0    3    3    3
[21,]    1    1    1    1
[22,]    1    1    1    2
[23,]    1    1    1    3
[24,]    1    1    2    2
[25,]    1    1    2    3
[26,]    1    1    3    3
[27,]    1    2    2    2
[28,]    1    2    2    3
[29,]    1    2    3    3
[30,]    1    3    3    3
[31,]    2    2    2    2
[32,]    2    2    2    3
[33,]    2    2    3    3
[34,]    2    3    3    3
[35,]    3    3    3    3
 [1] 0.0000000 0.5000000 1.0000000 1.5000000 0.5773503 0.9574271 1.4142136
 [8] 1.1547005 1.5000000 1.7320508 0.5000000 0.8164966 1.2583057 0.9574271
[15] 1.2909944 1.5000000 1.0000000 1.2583057 1.4142136 1.5000000 0.0000000
[22] 0.5000000 1.0000000 0.5773503 0.9574271 1.1547005 0.5000000 0.8164966
[29] 0.9574271 1.0000000 0.0000000 0.5000000 0.5773503 0.5000000 0.0000000
